10114792273660656874618568712406420344176220457790563178092222929337786916374923318745284718351487926620784106195715878875311958793629905453919697155655533

10114792273660656874618568712406420344176220457790563178092222929337786916374923318745284718351487926620784106195715878875311958793629905453919697155655801

10114792273660656874618568712406420344176220457790563178092222929337786916374923318745284718351487926620784106195715878875311958793629905453919697155656371

10114792273660656874618568712406420344176220457790563178092222929337786916374923318745284718351487926620784106195715878875311958793629905453919697155656509

10114792273660656874618568712406420344176220457790563178092222929337786916374923318745284718351487926620784106195715878875311958793629905453919697155656737

10114792273660656874618568712406420344176220457790563178092222929337786916374923318745284718351487926620784106195715878875311958793629905453919697155656749

10114792273660656874618568712406420344176220457790563178092222929337786916374923318745284718351487926620784106195715878875311958793629905453919697155657367

10114792273660656874618568712406420344176220457790563178092222929337786916374923318745284718351487926620784106195715878875311958793629905453919697155657433

10114792273660656874618568712406420344176220457790563178092222929337786916374923318745284718351487926620784106195715878875311958793629905453919697155657543

10114792273660656874618568712406420344176220457790563178092222929337786916374923318745284718351487926620784106195715878875311958793629905453919697155658321

10114792273660656874618568712406420344176220457790563178092222929337786916374923318745284718351487926620784106195715878875311958793629905453919697155658831

10114792273660656874618568712406420344176220457790563178092222929337786916374923318745284718351487926620784106195715878875311958793629905453919697155658947

10114792273660656874618568712406420344176220457790563178092222929337786916374923318745284718351487926620784106195715878875311958793629905453919697155658987

10114792273660656874618568712406420344176220457790563178092222929337786916374923318745284718351487926620784106195715878875311958793629905453919697155659073

10114792273660656874618568712406420344176220457790563178092222929337786916374923318745284718351487926620784106195715878875311958793629905453919697155659719

10114792273660656874618568712406420344176220457790563178092222929337786916374923318745284718351487926620784106195715878875311958793629905453919697155659721

10114792273660656874618568712406420344176220457790563178092222929337786916374923318745284718351487926620784106195715878875311958793629905453919697155659817

10114792273660656874618568712406420344176220457790563178092222929337786916374923318745284718351487926620784106195715878875311958793629905453919697155660909

10114792273660656874618568712406420344176220457790563178092222929337786916374923318745284718351487926620784106195715878875311958793629905453919697155661989

10114792273660656874618568712406420344176220457790563178092222929337786916374923318745284718351487926620784106195715878875311958793629905453919697155662193

10114792273660656874618568712406420344176220457790563178092222929337786916374923318745284718351487926620784106195715878875311958793629905453919697155662259

10114792273660656874618568712406420344176220457790563178092222929337786916374923318745284718351487926620784106195715878875311958793629905453919697155663759

10114792273660656874618568712406420344176220457790563178092222929337786916374923318745284718351487926620784106195715878875311958793629905453919697155663879

10114792273660656874618568712406420344176220457790563178092222929337786916374923318745284718351487926620784106195715878875311958793629905453919697155663963

10114792273660656874618568712406420344176220457790563178092222929337786916374923318745284718351487926620784106195715878875311958793629905453919697155664029

10114792273660656874618568712406420344176220457790563178092222929337786916374923318745284718351487926620784106195715878875311958793629905453919697155664197

10114792273660656874618568712406420344176220457790563178092222929337786916374923318745284718351487926620784106195715878875311958793629905453919697155664237

10114792273660656874618568712406420344176220457790563178092222929337786916374923318745284718351487926620784106195715878875311958793629905453919697155664533

10114792273660656874618568712406420344176220457790563178092222929337786916374923318745284718351487926620784106195715878875311958793629905453919697155664869

10114792273660656874618568712406420344176220457790563178092222929337786916374923318745284718351487926620784106195715878875311958793629905453919697155665031

10114792273660656874618568712406420344176220457790563178092222929337786916374923318745284718351487926620784106195715878875311958793629905453919697155665271

10114792273660656874618568712406420344176220457790563178092222929337786916374923318745284718351487926620784106195715878875311958793629905453919697155665517

10114792273660656874618568712406420344176220457790563178092222929337786916374923318745284718351487926620784106195715878875311958793629905453919697155666073

10114792273660656874618568712406420344176220457790563178092222929337786916374923318745284718351487926620784106195715878875311958793629905453919697155666441

10114792273660656874618568712406420344176220457790563178092222929337786916374923318745284718351487926620784106195715878875311958793629905453919697155666783

10114792273660656874618568712406420344176220457790563178092222929337786916374923318745284718351487926620784106195715878875311958793629905453919697155666861

10114792273660656874618568712406420344176220457790563178092222929337786916374923318745284718351487926620784106195715878875311958793629905453919697155667159

10114792273660656874618568712406420344176220457790563178092222929337786916374923318745284718351487926620784106195715878875311958793629905453919697155667809

10114792273660656874618568712406420344176220457790563178092222929337786916374923318745284718351487926620784106195715878875311958793629905453919697155668229

10114792273660656874618568712406420344176220457790563178092222929337786916374923318745284718351487926620784106195715878875311958793629905453919697155669349

10114792273660656874618568712406420344176220457790563178092222929337786916374923318745284718351487926620784106195715878875311958793629905453919697155669967

10114792273660656874618568712406420344176220457790563178092222929337786916374923318745284718351487926620784106195715878875311958793629905453919697155670243

10114792273660656874618568712406420344176220457790563178092222929337786916374923318745284718351487926620784106195715878875311958793629905453919697155670261

10114792273660656874618568712406420344176220457790563178092222929337786916374923318745284718351487926620784106195715878875311958793629905453919697155671073

10114792273660656874618568712406420344176220457790563178092222929337786916374923318745284718351487926620784106195715878875311958793629905453919697155672343

10114792273660656874618568712406420344176220457790563178092222929337786916374923318745284718351487926620784106195715878875311958793629905453919697155672511

10114792273660656874618568712406420344176220457790563178092222929337786916374923318745284718351487926620784106195715878875311958793629905453919697155672537

10114792273660656874618568712406420344176220457790563178092222929337786916374923318745284718351487926620784106195715878875311958793629905453919697155672649

10114792273660656874618568712406420344176220457790563178092222929337786916374923318745284718351487926620784106195715878875311958793629905453919697155673201

10114792273660656874618568712406420344176220457790563178092222929337786916374923318745284718351487926620784106195715878875311958793629905453919697155673381

10114792273660656874618568712406420344176220457790563178092222929337786916374923318745284718351487926620784106195715878875311958793629905453919697155673857

10114792273660656874618568712406420344176220457790563178092222929337786916374923318745284718351487926620784106195715878875311958793629905453919697155674163

10114792273660656874618568712406420344176220457790563178092222929337786916374923318745284718351487926620784106195715878875311958793629905453919697155674739

10114792273660656874618568712406420344176220457790563178092222929337786916374923318745284718351487926620784106195715878875311958793629905453919697155674743

10114792273660656874618568712406420344176220457790563178092222929337786916374923318745284718351487926620784106195715878875311958793629905453919697155674803

10114792273660656874618568712406420344176220457790563178092222929337786916374923318745284718351487926620784106195715878875311958793629905453919697155675517

10114792273660656874618568712406420344176220457790563178092222929337786916374923318745284718351487926620784106195715878875311958793629905453919697155675559

10114792273660656874618568712406420344176220457790563178092222929337786916374923318745284718351487926620784106195715878875311958793629905453919697155675747

10114792273660656874618568712406420344176220457790563178092222929337786916374923318745284718351487926620784106195715878875311958793629905453919697155675769

10114792273660656874618568712406420344176220457790563178092222929337786916374923318745284718351487926620784106195715878875311958793629905453919697155675793

10114792273660656874618568712406420344176220457790563178092222929337786916374923318745284718351487926620784106195715878875311958793629905453919697155676267

10114792273660656874618568712406420344176220457790563178092222929337786916374923318745284718351487926620784106195715878875311958793629905453919697155677101

10114792273660656874618568712406420344176220457790563178092222929337786916374923318745284718351487926620784106195715878875311958793629905453919697155677131

10114792273660656874618568712406420344176220457790563178092222929337786916374923318745284718351487926620784106195715878875311958793629905453919697155677151

10114792273660656874618568712406420344176220457790563178092222929337786916374923318745284718351487926620784106195715878875311958793629905453919697155677757

10114792273660656874618568712406420344176220457790563178092222929337786916374923318745284718351487926620784106195715878875311958793629905453919697155678559

10114792273660656874618568712406420344176220457790563178092222929337786916374923318745284718351487926620784106195715878875311958793629905453919697155678999

10114792273660656874618568712406420344176220457790563178092222929337786916374923318745284718351487926620784106195715878875311958793629905453919697155679039

10114792273660656874618568712406420344176220457790563178092222929337786916374923318745284718351487926620784106195715878875311958793629905453919697155682911

10114792273660656874618568712406420344176220457790563178092222929337786916374923318745284718351487926620784106195715878875311958793629905453919697155683263

10114792273660656874618568712406420344176220457790563178092222929337786916374923318745284718351487926620784106195715878875311958793629905453919697155683371

10114792273660656874618568712406420344176220457790563178092222929337786916374923318745284718351487926620784106195715878875311958793629905453919697155683613

10114792273660656874618568712406420344176220457790563178092222929337786916374923318745284718351487926620784106195715878875311958793629905453919697155683679

10114792273660656874618568712406420344176220457790563178092222929337786916374923318745284718351487926620784106195715878875311958793629905453919697155683883

10114792273660656874618568712406420344176220457790563178092222929337786916374923318745284718351487926620784106195715878875311958793629905453919697155684423

10114792273660656874618568712406420344176220457790563178092222929337786916374923318745284718351487926620784106195715878875311958793629905453919697155685009

10114792273660656874618568712406420344176220457790563178092222929337786916374923318745284718351487926620784106195715878875311958793629905453919697155685057

10114792273660656874618568712406420344176220457790563178092222929337786916374923318745284718351487926620784106195715878875311958793629905453919697155685347

10114792273660656874618568712406420344176220457790563178092222929337786916374923318745284718351487926620784106195715878875311958793629905453919697155685507

10114792273660656874618568712406420344176220457790563178092222929337786916374923318745284718351487926620784106195715878875311958793629905453919697155685627

10114792273660656874618568712406420344176220457790563178092222929337786916374923318745284718351487926620784106195715878875311958793629905453919697155685657

10114792273660656874618568712406420344176220457790563178092222929337786916374923318745284718351487926620784106195715878875311958793629905453919697155685863

10114792273660656874618568712406420344176220457790563178092222929337786916374923318745284718351487926620784106195715878875311958793629905453919697155686013

10114792273660656874618568712406420344176220457790563178092222929337786916374923318745284718351487926620784106195715878875311958793629905453919697155686061

10114792273660656874618568712406420344176220457790563178092222929337786916374923318745284718351487926620784106195715878875311958793629905453919697155686209

10114792273660656874618568712406420344176220457790563178092222929337786916374923318745284718351487926620784106195715878875311958793629905453919697155686487

10114792273660656874618568712406420344176220457790563178092222929337786916374923318745284718351487926620784106195715878875311958793629905453919697155687139

10114792273660656874618568712406420344176220457790563178092222929337786916374923318745284718351487926620784106195715878875311958793629905453919697155687463

10114792273660656874618568712406420344176220457790563178092222929337786916374923318745284718351487926620784106195715878875311958793629905453919697155687897

10114792273660656874618568712406420344176220457790563178092222929337786916374923318745284718351487926620784106195715878875311958793629905453919697155688051

10114792273660656874618568712406420344176220457790563178092222929337786916374923318745284718351487926620784106195715878875311958793629905453919697155688203

10114792273660656874618568712406420344176220457790563178092222929337786916374923318745284718351487926620784106195715878875311958793629905453919697155688321

10114792273660656874618568712406420344176220457790563178092222929337786916374923318745284718351487926620784106195715878875311958793629905453919697155688951

10114792273660656874618568712406420344176220457790563178092222929337786916374923318745284718351487926620784106195715878875311958793629905453919697155689553

10114792273660656874618568712406420344176220457790563178092222929337786916374923318745284718351487926620784106195715878875311958793629905453919697155690561

10114792273660656874618568712406420344176220457790563178092222929337786916374923318745284718351487926620784106195715878875311958793629905453919697155691171

10114792273660656874618568712406420344176220457790563178092222929337786916374923318745284718351487926620784106195715878875311958793629905453919697155691659

10114792273660656874618568712406420344176220457790563178092222929337786916374923318745284718351487926620784106195715878875311958793629905453919697155691663

10114792273660656874618568712406420344176220457790563178092222929337786916374923318745284718351487926620784106195715878875311958793629905453919697155691903

10114792273660656874618568712406420344176220457790563178092222929337786916374923318745284718351487926620784106195715878875311958793629905453919697155691963

10114792273660656874618568712406420344176220457790563178092222929337786916374923318745284718351487926620784106195715878875311958793629905453919697155691971

10114792273660656874618568712406420344176220457790563178092222929337786916374923318745284718351487926620784106195715878875311958793629905453919697155692001

10114792273660656874618568712406420344176220457790563178092222929337786916374923318745284718351487926620784106195715878875311958793629905453919697155692353

10114792273660656874618568712406420344176220457790563178092222929337786916374923318745284718351487926620784106195715878875311958793629905453919697155692421

10114792273660656874618568712406420344176220457790563178092222929337786916374923318745284718351487926620784106195715878875311958793629905453919697155692577

10114792273660656874618568712406420344176220457790563178092222929337786916374923318745284718351487926620784106195715878875311958793629905453919697155693061

10114792273660656874618568712406420344176220457790563178092222929337786916374923318745284718351487926620784106195715878875311958793629905453919697155693273

10114792273660656874618568712406420344176220457790563178092222929337786916374923318745284718351487926620784106195715878875311958793629905453919697155693597

10114792273660656874618568712406420344176220457790563178092222929337786916374923318745284718351487926620784106195715878875311958793629905453919697155693709

10114792273660656874618568712406420344176220457790563178092222929337786916374923318745284718351487926620784106195715878875311958793629905453919697155693783

10114792273660656874618568712406420344176220457790563178092222929337786916374923318745284718351487926620784106195715878875311958793629905453919697155694059

10114792273660656874618568712406420344176220457790563178092222929337786916374923318745284718351487926620784106195715878875311958793629905453919697155694623

10114792273660656874618568712406420344176220457790563178092222929337786916374923318745284718351487926620784106195715878875311958793629905453919697155694993

10114792273660656874618568712406420344176220457790563178092222929337786916374923318745284718351487926620784106195715878875311958793629905453919697155695151

10114792273660656874618568712406420344176220457790563178092222929337786916374923318745284718351487926620784106195715878875311958793629905453919697155695307

10114792273660656874618568712406420344176220457790563178092222929337786916374923318745284718351487926620784106195715878875311958793629905453919697155695923

10114792273660656874618568712406420344176220457790563178092222929337786916374923318745284718351487926620784106195715878875311958793629905453919697155696177

10114792273660656874618568712406420344176220457790563178092222929337786916374923318745284718351487926620784106195715878875311958793629905453919697155696337

10114792273660656874618568712406420344176220457790563178092222929337786916374923318745284718351487926620784106195715878875311958793629905453919697155696423

10114792273660656874618568712406420344176220457790563178092222929337786916374923318745284718351487926620784106195715878875311958793629905453919697155696807

10114792273660656874618568712406420344176220457790563178092222929337786916374923318745284718351487926620784106195715878875311958793629905453919697155697119

10114792273660656874618568712406420344176220457790563178092222929337786916374923318745284718351487926620784106195715878875311958793629905453919697155697483

10114792273660656874618568712406420344176220457790563178092222929337786916374923318745284718351487926620784106195715878875311958793629905453919697155697969

10114792273660656874618568712406420344176220457790563178092222929337786916374923318745284718351487926620784106195715878875311958793629905453919697155698241

10114792273660656874618568712406420344176220457790563178092222929337786916374923318745284718351487926620784106195715878875311958793629905453919697155698319

10114792273660656874618568712406420344176220457790563178092222929337786916374923318745284718351487926620784106195715878875311958793629905453919697155699433

10114792273660656874618568712406420344176220457790563178092222929337786916374923318745284718351487926620784106195715878875311958793629905453919697155700573

10114792273660656874618568712406420344176220457790563178092222929337786916374923318745284718351487926620784106195715878875311958793629905453919697155700597

10114792273660656874618568712406420344176220457790563178092222929337786916374923318745284718351487926620784106195715878875311958793629905453919697155701047

10114792273660656874618568712406420344176220457790563178092222929337786916374923318745284718351487926620784106195715878875311958793629905453919697155701089

10114792273660656874618568712406420344176220457790563178092222929337786916374923318745284718351487926620784106195715878875311958793629905453919697155701361

10114792273660656874618568712406420344176220457790563178092222929337786916374923318745284718351487926620784106195715878875311958793629905453919697155701607

10114792273660656874618568712406420344176220457790563178092222929337786916374923318745284718351487926620784106195715878875311958793629905453919697155701949

10114792273660656874618568712406420344176220457790563178092222929337786916374923318745284718351487926620784106195715878875311958793629905453919697155702039

10114792273660656874618568712406420344176220457790563178092222929337786916374923318745284718351487926620784106195715878875311958793629905453919697155702211

10114792273660656874618568712406420344176220457790563178092222929337786916374923318745284718351487926620784106195715878875311958793629905453919697155702417

10114792273660656874618568712406420344176220457790563178092222929337786916374923318745284718351487926620784106195715878875311958793629905453919697155702733

10114792273660656874618568712406420344176220457790563178092222929337786916374923318745284718351487926620784106195715878875311958793629905453919697155702841

10114792273660656874618568712406420344176220457790563178092222929337786916374923318745284718351487926620784106195715878875311958793629905453919697155703393

10114792273660656874618568712406420344176220457790563178092222929337786916374923318745284718351487926620784106195715878875311958793629905453919697155703507

10114792273660656874618568712406420344176220457790563178092222929337786916374923318745284718351487926620784106195715878875311958793629905453919697155703513

10114792273660656874618568712406420344176220457790563178092222929337786916374923318745284718351487926620784106195715878875311958793629905453919697155704079

10114792273660656874618568712406420344176220457790563178092222929337786916374923318745284718351487926620784106195715878875311958793629905453919697155704667

10114792273660656874618568712406420344176220457790563178092222929337786916374923318745284718351487926620784106195715878875311958793629905453919697155704917

10114792273660656874618568712406420344176220457790563178092222929337786916374923318745284718351487926620784106195715878875311958793629905453919697155705721

10114792273660656874618568712406420344176220457790563178092222929337786916374923318745284718351487926620784106195715878875311958793629905453919697155706003

10114792273660656874618568712406420344176220457790563178092222929337786916374923318745284718351487926620784106195715878875311958793629905453919697155706239

10114792273660656874618568712406420344176220457790563178092222929337786916374923318745284718351487926620784106195715878875311958793629905453919697155706281

10114792273660656874618568712406420344176220457790563178092222929337786916374923318745284718351487926620784106195715878875311958793629905453919697155706633

10114792273660656874618568712406420344176220457790563178092222929337786916374923318745284718351487926620784106195715878875311958793629905453919697155706639

10114792273660656874618568712406420344176220457790563178092222929337786916374923318745284718351487926620784106195715878875311958793629905453919697155707017

10114792273660656874618568712406420344176220457790563178092222929337786916374923318745284718351487926620784106195715878875311958793629905453919697155707067

10114792273660656874618568712406420344176220457790563178092222929337786916374923318745284718351487926620784106195715878875311958793629905453919697155707287

10114792273660656874618568712406420344176220457790563178092222929337786916374923318745284718351487926620784106195715878875311958793629905453919697155707787

10114792273660656874618568712406420344176220457790563178092222929337786916374923318745284718351487926620784106195715878875311958793629905453919697155707857

10114792273660656874618568712406420344176220457790563178092222929337786916374923318745284718351487926620784106195715878875311958793629905453919697155708579

10114792273660656874618568712406420344176220457790563178092222929337786916374923318745284718351487926620784106195715878875311958793629905453919697155708759

10114792273660656874618568712406420344176220457790563178092222929337786916374923318745284718351487926620784106195715878875311958793629905453919697155708997

10114792273660656874618568712406420344176220457790563178092222929337786916374923318745284718351487926620784106195715878875311958793629905453919697155709837

10114792273660656874618568712406420344176220457790563178092222929337786916374923318745284718351487926620784106195715878875311958793629905453919697155710353

10114792273660656874618568712406420344176220457790563178092222929337786916374923318745284718351487926620784106195715878875311958793629905453919697155710373

10114792273660656874618568712406420344176220457790563178092222929337786916374923318745284718351487926620784106195715878875311958793629905453919697155710421

10114792273660656874618568712406420344176220457790563178092222929337786916374923318745284718351487926620784106195715878875311958793629905453919697155710791

10114792273660656874618568712406420344176220457790563178092222929337786916374923318745284718351487926620784106195715878875311958793629905453919697155711297

10114792273660656874618568712406420344176220457790563178092222929337786916374923318745284718351487926620784106195715878875311958793629905453919697155711331

10114792273660656874618568712406420344176220457790563178092222929337786916374923318745284718351487926620784106195715878875311958793629905453919697155711721

10114792273660656874618568712406420344176220457790563178092222929337786916374923318745284718351487926620784106195715878875311958793629905453919697155711793

10114792273660656874618568712406420344176220457790563178092222929337786916374923318745284718351487926620784106195715878875311958793629905453919697155711979

10114792273660656874618568712406420344176220457790563178092222929337786916374923318745284718351487926620784106195715878875311958793629905453919697155712467

10114792273660656874618568712406420344176220457790563178092222929337786916374923318745284718351487926620784106195715878875311958793629905453919697155712717

10114792273660656874618568712406420344176220457790563178092222929337786916374923318745284718351487926620784106195715878875311958793629905453919697155713367

10114792273660656874618568712406420344176220457790563178092222929337786916374923318745284718351487926620784106195715878875311958793629905453919697155714651

10114792273660656874618568712406420344176220457790563178092222929337786916374923318745284718351487926620784106195715878875311958793629905453919697155714801

10114792273660656874618568712406420344176220457790563178092222929337786916374923318745284718351487926620784106195715878875311958793629905453919697155715141

10114792273660656874618568712406420344176220457790563178092222929337786916374923318745284718351487926620784106195715878875311958793629905453919697155715441

10114792273660656874618568712406420344176220457790563178092222929337786916374923318745284718351487926620784106195715878875311958793629905453919697155715551

10114792273660656874618568712406420344176220457790563178092222929337786916374923318745284718351487926620784106195715878875311958793629905453919697155715663

10114792273660656874618568712406420344176220457790563178092222929337786916374923318745284718351487926620784106195715878875311958793629905453919697155718149

10114792273660656874618568712406420344176220457790563178092222929337786916374923318745284718351487926620784106195715878875311958793629905453919697155718797

10114792273660656874618568712406420344176220457790563178092222929337786916374923318745284718351487926620784106195715878875311958793629905453919697155718813

10114792273660656874618568712406420344176220457790563178092222929337786916374923318745284718351487926620784106195715878875311958793629905453919697155719071

10114792273660656874618568712406420344176220457790563178092222929337786916374923318745284718351487926620784106195715878875311958793629905453919697155719199

10114792273660656874618568712406420344176220457790563178092222929337786916374923318745284718351487926620784106195715878875311958793629905453919697155719421

10114792273660656874618568712406420344176220457790563178092222929337786916374923318745284718351487926620784106195715878875311958793629905453919697155719703

10114792273660656874618568712406420344176220457790563178092222929337786916374923318745284718351487926620784106195715878875311958793629905453919697155720559

10114792273660656874618568712406420344176220457790563178092222929337786916374923318745284718351487926620784106195715878875311958793629905453919697155720801

10114792273660656874618568712406420344176220457790563178092222929337786916374923318745284718351487926620784106195715878875311958793629905453919697155721357

10114792273660656874618568712406420344176220457790563178092222929337786916374923318745284718351487926620784106195715878875311958793629905453919697155721867

10114792273660656874618568712406420344176220457790563178092222929337786916374923318745284718351487926620784106195715878875311958793629905453919697155722211

10114792273660656874618568712406420344176220457790563178092222929337786916374923318745284718351487926620784106195715878875311958793629905453919697155722517

10114792273660656874618568712406420344176220457790563178092222929337786916374923318745284718351487926620784106195715878875311958793629905453919697155722617

10114792273660656874618568712406420344176220457790563178092222929337786916374923318745284718351487926620784106195715878875311958793629905453919697155722671

10114792273660656874618568712406420344176220457790563178092222929337786916374923318745284718351487926620784106195715878875311958793629905453919697155722763

10114792273660656874618568712406420344176220457790563178092222929337786916374923318745284718351487926620784106195715878875311958793629905453919697155723981

10114792273660656874618568712406420344176220457790563178092222929337786916374923318745284718351487926620784106195715878875311958793629905453919697155724803

10114792273660656874618568712406420344176220457790563178092222929337786916374923318745284718351487926620784106195715878875311958793629905453919697155726067

10114792273660656874618568712406420344176220457790563178092222929337786916374923318745284718351487926620784106195715878875311958793629905453919697155726369

10114792273660656874618568712406420344176220457790563178092222929337786916374923318745284718351487926620784106195715878875311958793629905453919697155726639

10114792273660656874618568712406420344176220457790563178092222929337786916374923318745284718351487926620784106195715878875311958793629905453919697155726753

10114792273660656874618568712406420344176220457790563178092222929337786916374923318745284718351487926620784106195715878875311958793629905453919697155726787